4 11 1
4 33 1
4 57 1
4 75 1
4 82 1
4 96 1
4 108 1
4 173 1
4 197 1
4 205 1
4 211 1
4 227 1
4 314 1
4 333 1
4 334 1
4 348 1
9 108 1
11 12 1
11 30 1
11 32 1
11 33 1
11 37 1
11 40 1
11 50 1
11 65 1
11 76 1
11 78 1
11 79 1
11 108 1
11 116 1
11 118 1
11 135 1
11 139 1
11 143 1
11 147 1
11 205 1
11 206 1
11 209 1
11 210 1
11 211 1
11 213 1
11 216 1
11 220 1
11 221 1
11 224 1
11 227 1
11 234 1
11 240 1
11 251 1
11 255 1
11 261 1
11 262 1
11 265 1
11 268 1
11 277 1
11 289 1
11 293 1
11 294 1
11 312 1
11 347 1
12 20 1
12 30 1
12 32 1
12 33 1
12 35 1
12 37 1
12 46 1
12 49 1
12 50 1
12 51 1
12 57 1
12 59 1
12 62 1
12 65 1
12 75 1
12 76 1
12 78 1
12 79 1
12 81 1
12 84 1
12 96 1
12 99 1
12 108 1
12 116 1
12 135 1
12 143 1
12 146 1
12 147 1
12 163 1
12 173 1
12 175 1
12 183 1
12 194 1
12 196 1
12 197 1
12 205 1
12 206 1
12 207 1
12 210 1
12 211 1
12 213 1
12 216 1
12 220 1
12 224 1
12 227 1
12 240 1
12 250 1
12 251 1
12 256 1
12 261 1
12 262 1
12 263 1
12 265 1
12 267 1
12 268 1
12 270 1
12 275 1
12 276 1
12 278 1
12 280 1
12 282 1
12 286 1
12 288 1
12 289 1
12 293 1
12 307 1
12 310 1
12 312 1
12 314 1
12 324 1
12 333 1
12 334 1
12 346 1
12 348 1
12 349 1
12 362 1
12 376 1
12 391 1
12 400 1
12 423 1
12 430 1
12 431 1
12 434 1
12 449 1
17 57 1
17 96 1
17 108 1
17 146 1
17 173 1
17 205 1
17 227 1
17 251 1
17 319 1
17 346 1
17 434 1
18 40 1
18 57 1
18 76 1
18 96 1
18 108 1
18 118 1
18 139 1
18 163 1
18 196 1
18 197 1
18 205 1
18 220 1
18 240 1
18 261 1
18 310 1
20 37 1
20 50 1
20 95 1
20 108 1
20 118 1
20 139 1
20 147 1
20 205 1
20 208 1
20 210 1
20 211 1
20 216 1
20 221 1
20 224 1
20 227 1
20 240 1
20 289 1
20 294 1
30 50 1
30 108 1
30 139 1
30 207 1
30 208 1
30 261 1
32 57 1
32 173 1
32 256 1
33 96 1
33 108 1
33 207 1
33 261 1
35 207 1
37 40 1
37 50 1
37 96 1
37 108 1
37 196 1
37 211 1
37 224 1
37 234 1
37 251 1
37 261 1
37 278 1
37 305 1
40 57 1
40 62 1
40 76 1
40 96 1
40 108 1
40 118 1
40 139 1
40 147 1
40 210 1
40 224 1
40 234 1
40 262 1
40 265 1
40 275 1
40 329 1
40 344 1
46 53 1
46 76 1
46 96 1
46 108 1
46 118 1
46 139 1
47 96 1
47 205 1
47 256 1
49 96 1
49 209 1
50 57 1
50 59 1
50 61 1
50 76 1
50 108 1
50 118 1
50 139 1
50 147 1
50 173 1
50 205 1
50 207 1
50 213 1
50 224 1
50 234 1
50 240 1
50 252 1
50 255 1
50 256 1
50 262 1
50 265 1
50 275 1
50 276 1
50 303 1
53 82 1
53 108 1
53 208 1
53 227 1
53 314 1
53 334 1
53 335 1
53 346 1
53 376 1
57 61 1
57 108 1
57 139 1
57 196 1
57 205 1
57 209 1
57 210 1
57 211 1
57 213 1
57 224 1
57 227 1
57 240 1
57 251 1
57 293 1
57 305 1
57 344 1
57 356 1
59 63 1
59 108 1
59 139 1
59 147 1
59 213 1
59 403 1
59 421 1
61 108 1
61 173 1
61 205 1
62 108 1
62 118 1
62 139 1
62 206 1
62 208 1
62 210 1
62 224 1
62 227 1
62 234 1
62 261 1
62 289 1
62 294 1
63 108 1
65 76 1
72 139 1
72 209 1
75 108 1
75 139 1
75 207 1
75 209 1
75 227 1
75 305 1
76 108 1
76 118 1
76 139 1
76 147 1
76 163 1
76 206 1
76 210 1
76 211 1
76 213 1
76 221 1
76 224 1
76 234 1
76 240 1
76 250 1
76 252 1
76 255 1
76 261 1
76 262 1
76 294 1
76 310 1
78 108 1
78 143 1
78 209 1
78 224 1
78 240 1
78 261 1
79 196 1
82 207 1
82 224 1
82 261 1
85 196 1
88 240 1
95 139 1
96 108 1
96 207 1
96 209 1
96 211 1
96 213 1
96 220 1
96 224 1
96 240 1
96 265 1
96 280 1
96 293 1
96 305 1
96 312 1
96 344 1
108 118 1
108 139 1
108 146 1
108 173 1
108 175 1
108 183 1
108 205 1
108 206 1
108 207 1
108 209 1
108 211 1
108 213 1
108 227 1
108 240 1
108 251 1
108 252 1
108 255 1
108 256 1
108 293 1
108 305 1
108 306 1
108 307 1
108 310 1
108 312 1
108 314 1
108 344 1
108 346 1
108 348 1
108 349 1
108 376 1
108 400 1
118 146 1
118 147 1
118 163 1
118 173 1
118 210 1
118 216 1
118 221 1
118 227 1
118 234 1
118 251 1
118 256 1
118 261 1
118 268 1
118 276 1
118 278 1
118 293 1
118 427 1
119 205 1
135 139 1
135 205 1
135 210 1
139 147 1
139 205 1
139 207 1
139 210 1
139 211 1
139 227 1
139 234 1
139 251 1
139 255 1
139 256 1
139 261 1
139 262 1
139 267 1
139 270 1
139 278 1
139 286 1
139 294 1
139 303 1
139 329 1
139 335 1
139 348 1
143 146 1
143 205 1
143 207 1
143 240 1
143 256 1
146 163 1
146 207 1
146 209 1
146 252 1
147 173 1
147 211 1
147 213 1
147 240 1
147 348 1
147 423 1
163 205 1
163 227 1
173 209 1
173 213 1
173 224 1
173 240 1
173 261 1
173 293 1
173 305 1
173 344 1
173 356 1
175 227 1
183 207 1
183 261 1
188 196 1
196 205 1
196 220 1
196 227 1
205 209 1
205 210 1
205 213 1
205 220 1
205 224 1
205 240 1
205 250 1
205 252 1
205 261 1
205 265 1
205 293 1
205 305 1
205 344 1
205 356 1
205 376 1
206 220 1
206 227 1
206 240 1
206 256 1
206 261 1
207 211 1
207 252 1
207 280 1
207 310 1
207 401 1
208 255 1
208 305 1
209 220 1
209 227 1
209 251 1
209 312 1
209 314 1
209 334 1
209 335 1
209 362 1
209 365 1
209 434 1
210 211 1
210 251 1
210 262 1
210 265 1
210 286 1
210 289 1
211 221 1
211 240 1
211 255 1
211 256 1
211 265 1
211 270 1
213 227 1
213 251 1
213 255 1
213 256 1
213 261 1
216 227 1
216 256 1
220 240 1
221 234 1
221 250 1
221 256 1
221 267 1
221 278 1
224 261 1
224 277 1
224 286 1
224 344 1
224 349 1
227 240 1
227 250 1
227 256 1
227 261 1
227 278 1
227 293 1
227 305 1
227 310 1
227 356 1
227 448 1
234 240 1
234 250 1
234 255 1
234 256 1
234 268 1
234 286 1
240 251 1
240 256 1
240 261 1
240 265 1
240 268 1
240 319 1
240 366 1
240 376 1
251 262 1
251 265 1
251 312 1
252 261 1
252 312 1
255 256 1
255 263 1
255 267 1
255 276 1
255 278 1
255 286 1
255 324 1
256 262 1
256 267 1
256 289 1
256 293 1
256 294 1
256 347 1
256 356 1
261 310 1
261 347 1
261 401 1
268 286 1
276 289 1
276 294 1
293 314 1
293 348 1
293 434 1
305 334 1
305 427 1
312 348 1
314 344 1
314 356 1
319 344 1
344 362 1
