7 50 1
7 205 1
7 265 1
8 57 1
8 62 1
8 199 1
14 40 1
15 40 1
15 57 1
15 96 1
15 205 1
15 211 1
22 40 1
26 40 1
34 40 1
34 184 1
34 211 1
37 40 1
37 50 1
37 83 1
37 169 1
37 184 1
40 41 1
40 50 1
40 57 1
40 62 1
40 64 1
40 66 1
40 83 1
40 95 1
40 96 1
40 165 1
40 169 1
40 184 1
40 205 1
40 210 1
40 215 1
40 225 1
40 265 1
40 275 1
40 276 1
40 287 1
40 298 1
40 313 1
40 320 1
42 50 1
50 57 1
50 83 1
50 96 1
50 205 1
57 83 1
71 184 1
71 210 1
71 298 1
83 96 1
83 169 1
83 211 1
96 184 1
165 184 1
169 210 1
169 211 1
184 210 1
210 298 1
