1 2 1
1 38 1
2 7 1
2 8 1
2 10 1
2 14 1
2 15 1
2 17 1
2 18 1
2 20 1
2 22 1
2 24 1
2 26 1
2 27 1
2 28 1
2 30 1
2 31 1
2 32 1
2 34 1
2 35 1
2 38 1
2 40 1
2 41 1
2 42 1
2 43 1
2 45 1
2 48 1
2 50 1
2 51 1
2 54 1
2 55 1
2 57 1
2 58 1
2 59 1
2 61 1
2 62 1
2 64 1
2 66 1
2 67 1
2 68 1
2 71 1
2 75 1
2 77 1
2 78 1
2 79 1
2 80 1
2 82 1
2 83 1
2 84 1
2 96 1
2 99 1
2 101 1
2 108 1
2 112 1
2 122 1
2 147 1
2 155 1
2 164 1
2 166 1
2 172 1
2 175 1
2 181 1
2 184 1
2 187 1
2 196 1
2 199 1
2 202 1
2 208 1
2 215 1
2 219 1
2 225 1
2 228 1
2 244 1
2 276 1
2 278 1
2 283 1
2 284 1
2 346 1
3 38 1
3 67 1
3 71 1
3 181 1
6 38 1
7 34 1
7 38 1
7 67 1
7 166 1
7 181 1
8 38 1
9 166 1
10 38 1
10 166 1
13 38 1
14 38 1
14 166 1
15 38 1
15 181 1
17 38 1
17 166 1
18 166 1
20 38 1
22 38 1
22 122 1
24 38 1
26 34 1
26 38 1
26 166 1
27 38 1
28 34 1
28 38 1
28 166 1
28 181 1
29 38 1
30 38 1
31 38 1
31 166 1
31 181 1
32 80 1
32 196 1
32 245 1
34 38 1
34 40 1
34 42 1
34 55 1
34 71 1
34 107 1
34 122 1
34 166 1
34 181 1
34 215 1
34 221 1
34 225 1
34 289 1
35 38 1
35 166 1
38 40 1
38 42 1
38 43 1
38 45 1
38 48 1
38 50 1
38 54 1
38 55 1
38 58 1
38 59 1
38 61 1
38 62 1
38 64 1
38 66 1
38 67 1
38 68 1
38 71 1
38 75 1
38 77 1
38 82 1
38 83 1
38 84 1
38 89 1
38 101 1
38 105 1
38 109 1
38 112 1
38 122 1
38 126 1
38 131 1
38 155 1
38 164 1
38 166 1
38 175 1
38 181 1
38 184 1
38 192 1
38 196 1
38 199 1
38 204 1
38 215 1
38 219 1
38 221 1
38 225 1
38 244 1
38 254 1
38 256 1
38 264 1
38 267 1
38 270 1
38 276 1
38 278 1
38 283 1
38 284 1
38 286 1
38 387 1
40 166 1
42 166 1
45 67 1
45 166 1
45 181 1
48 166 1
50 166 1
50 181 1
51 166 1
54 304 1
55 166 1
57 166 1
58 166 1
59 101 1
61 122 1
61 166 1
61 181 1
62 166 1
64 166 1
64 181 1
66 67 1
66 166 1
66 181 1
67 122 1
67 166 1
68 166 1
68 405 1
71 122 1
71 155 1
71 166 1
71 181 1
75 166 1
83 166 1
100 196 1
101 166 1
101 181 1
112 166 1
122 166 1
122 181 1
122 184 1
122 196 1
155 166 1
166 181 1
166 184 1
166 199 1
166 211 1
166 215 1
166 244 1
166 278 1
181 199 1
181 244 1
196 304 1
196 438 1
