1 71 1
2 12 1
2 71 1
7 71 1
8 71 1
12 135 1
14 71 1
15 71 1
15 252 1
20 252 1
22 71 1
24 71 1
26 71 1
27 71 1
28 71 1
31 71 1
34 71 1
38 71 1
40 71 1
41 71 1
42 71 1
48 71 1
49 284 1
50 71 1
55 71 1
58 71 1
59 252 1
62 71 1
62 252 1
64 71 1
65 252 1
66 71 1
67 71 1
68 71 1
71 77 1
71 80 1
71 83 1
71 101 1
71 108 1
71 112 1
71 122 1
71 166 1
71 169 1
71 181 1
71 192 1
71 199 1
71 215 1
71 244 1
71 256 1
71 309 1
71 350 1
83 252 1
89 252 1
95 252 1
96 252 1
107 252 1
173 252 1
194 252 1
221 252 1
225 252 1
252 254 1
252 256 1
252 267 1
252 276 1
252 278 1
252 359 1
