20 21 1
36 37 1
36 38 1
46 47 1
46 50 1
46 51 1
47 52 1
47 60 1
48 47 1
48 50 1
49 47 1
49 51 1
50 52 1
51 52 1
52 47 1
52 50 1
52 51 1
53 52 1
54 52 1
55 52 1
56 52 1
57 52 1
58 52 1
59 50 1
59 51 1
63 64 1
73 74 1
75 74 1
76 77 1
76 78 1
76 79 1
76 80 1
77 83 1
78 83 1
79 83 1
80 80 1
80 100 1
80 101 1
80 102 1
80 103 1
80 104 1
80 113 1
95 96 1
95 97 1
95 98 1
99 98 1
100 80 1
100 100 1
100 101 1
100 102 1
100 103 1
100 104 1
102 80 1
102 108 1
104 101 1
105 106 1
107 106 1
107 108 1
109 108 1
109 110 1
110 108 1
116 117 1
118 119 1
120 121 1
120 123 1
120 124 1
120 125 1
122 121 1
122 123 1
123 124 1
123 125 1
125 123 1
126 123 1
127 123 1
128 129 1
136 137 1
137 136 1
138 138 1
152 153 1
154 155 1
155 154 1
